DIM PLAN1= PLANARITÀ DI PIANO 32_LS  SD=0.0114  UNITÀ=MM
AS   NOMINALE        MIS        DEV
M       0.0000     0.0481     0.0481
DATIPUNTI  N.PUNTO   MIS X      Y        Z      VETT I      J        K    DEVIAZIONE
32_LS         1  49.7937  -0.0090   1.5019  -0.0000  -1.0000  -0.0000    0.0062 
              2  49.7937  -0.0097   2.5009  -0.0000  -1.0000  -0.0000    0.0164 MAX
              3  49.7993   0.0022   3.2984   0.0001  -1.0000   0.0000    0.0121 
              4  46.5941  -0.0065   1.5017  -0.0000  -1.0000  -0.0000    0.0043 
              5  46.5942  -0.0052   2.5006  -0.0000  -1.0000  -0.0000    0.0126 
              6  46.6002   0.0090   3.2988   0.0001  -1.0000   0.0000    0.0059 
              7  43.3942   0.0100   1.5018  -0.0000  -1.0000  -0.0000   -0.0115 
              8  43.3935   0.0124   2.5006  -0.0000  -1.0000  -0.0000   -0.0044 
              9  43.4003   0.0217   3.2986   0.0001  -1.0000   0.0000   -0.0062 
             10  40.1935  -0.0057   1.5015  -0.0000  -1.0000  -0.0000    0.0048 
             11  40.1938  -0.0045   2.5007  -0.0000  -1.0000  -0.0000    0.0131 
             12  40.1996   0.0162   3.2989   0.0001  -1.0000   0.0000   -0.0000 
             13  36.9932   0.0058   1.5020  -0.0000  -1.0000  -0.0000   -0.0061 
             14  36.9928   0.0075   2.5010  -0.0000  -1.0000  -0.0000    0.0017 
             15  36.9996   0.0330   3.2990   0.0001  -1.0000   0.0000   -0.0162 
             16  33.7940   0.0130   1.5018  -0.0000  -1.0000  -0.0000   -0.0127 
             17  33.7939   0.0173   2.5008  -0.0000  -1.0000  -0.0000   -0.0075 
             18  33.8000   0.0371   3.2991   0.0001  -1.0000   0.0000   -0.0196 
             19  30.5938   0.0003   1.5017  -0.0000  -1.0000  -0.0000    0.0006 
             20  30.5936   0.0001   2.5009  -0.0000  -1.0000  -0.0000    0.0103 
             21  30.5999   0.0132   3.2988   0.0001  -1.0000   0.0000    0.0048 
             22  27.3939   0.0274   1.5013  -0.0000  -1.0000  -0.0000   -0.0259 
             23  27.3938   0.0272   2.5011  -0.0000  -1.0000  -0.0000   -0.0161 
             24  27.3996   0.0503   3.2986   0.0001  -1.0000   0.0000   -0.0317 MIN
             25  24.1941  -0.0011   1.5018  -0.0000  -1.0000  -0.0000    0.0033 
             26  24.1937  -0.0032   2.5012  -0.0000  -1.0000  -0.0000    0.0149 
             27  24.2005   0.0180   3.2988   0.0001  -1.0000   0.0000    0.0012 
             28  20.9941   0.0050   1.5018  -0.0000  -1.0000  -0.0000   -0.0022 
             29  20.9940   0.0056   2.5006  -0.0000  -1.0000  -0.0000    0.0066 
             30  20.9984   0.0216   3.2989   0.0001  -1.0000   0.0000   -0.0017 
             31  17.7943   0.0003   1.5016  -0.0000  -1.0000  -0.0000    0.0030 
             32  17.7937   0.0017   2.5013  -0.0000  -1.0000  -0.0000    0.0112 
             33  17.8003   0.0206   3.2988   0.0001  -1.0000   0.0000   -0.0001 
             34  14.5940   0.0068   1.5017  -0.0000  -1.0000  -0.0000   -0.0028 
             35  14.5938   0.0097   2.5013  -0.0000  -1.0000  -0.0000    0.0038 
             36  14.6002   0.0258   3.2986   0.0001  -1.0000   0.0000   -0.0047 
             37  11.3941  -0.0001   1.5019  -0.0000  -1.0000  -0.0000    0.0047 
             38  11.3946  -0.0004   2.5024  -0.0000  -1.0000  -0.0000    0.0145 
             39  11.3914   0.0084   3.3005  -0.0000  -1.0000  -0.0000    0.0133 
 
DIM PLAN2= PLANARITÀ DI PIANO 32_LN  SD=0.0206  UNITÀ=MM
AS   NOMINALE        MIS        DEV
M       0.0000     0.0771     0.0771
DATIPUNTI  N.PUNTO   MIS X      Y        Z      VETT I      J        K    DEVIAZIONE
32_LN         1   1.8597  55.0035   1.5002   0.0000   1.0000   0.0000    0.0179 
              2   1.8598  55.0072   2.5001   0.0000   1.0000   0.0000    0.0283 
              3   1.8602  55.0123   3.3001  -0.0001   1.0000  -0.0000    0.0389 
              4   5.0597  54.9481   1.5001   0.0000   1.0000   0.0000   -0.0346 MIN
              5   5.0596  54.9496   2.5001   0.0000   1.0000   0.0000   -0.0263 
              6   5.0602  55.0129   3.3000  -0.0001   1.0000  -0.0000    0.0425 MAX
              7   8.2593  54.9647   1.5001   0.0000   1.0000   0.0000   -0.0150 
              8   8.2594  54.9643   2.5001   0.0000   1.0000   0.0000   -0.0086 
              9   8.2599  55.0068   3.2999  -0.0001   1.0000  -0.0000    0.0394 
             10  11.4594  54.9564   1.5002   0.0000   1.0000   0.0000   -0.0203 
             11  11.4594  54.9555   2.5001   0.0000   1.0000   0.0000   -0.0145 
             12  11.4599  54.9362   3.3000  -0.0001   1.0000  -0.0000   -0.0283 
             13  14.6595  54.9625   1.5001   0.0000   1.0000   0.0000   -0.0113 
             14  14.6598  54.9637   2.5001   0.0000   1.0000   0.0000   -0.0032 
             15  14.6598  54.9465   3.3000  -0.0001   1.0000  -0.0000   -0.0150 
             16  17.8596  54.9574   1.5002   0.0000   1.0000   0.0000   -0.0133 
             17  17.8595  54.9589   2.5001   0.0000   1.0000   0.0000   -0.0051 
             18  17.8604  54.9421   3.3001  -0.0001   1.0000  -0.0000   -0.0164 
             19  21.0596  54.9643   1.5001   0.0000   1.0000   0.0000   -0.0035 
             20  21.0594  54.9634   2.5002   0.0000   1.0000   0.0000    0.0025 
             21  21.0601  54.9419   3.2999  -0.0001   1.0000  -0.0000   -0.0137 
             22  24.2596  54.9561   1.5001   0.0000   1.0000   0.0000   -0.0087 
             23  24.2594  54.9547   2.5001   0.0000   1.0000   0.0000   -0.0033 
             24  24.2599  54.9298   3.2999  -0.0001   1.0000  -0.0000   -0.0227 
             25  27.4596  54.9865   1.5001   0.0000   1.0000   0.0000    0.0247 
             26  27.4591  54.9869   2.5001   0.0000   1.0000   0.0000    0.0319 
             27  27.4598  54.9509   3.3000  -0.0001   1.0000  -0.0000    0.0013 
             28  30.6595  54.9609   1.5001   0.0000   1.0000   0.0000    0.0021 
             29  30.6597  54.9604   2.5001   0.0000   1.0000   0.0000    0.0084 
             30  30.6599  54.9362   3.3001  -0.0001   1.0000  -0.0000   -0.0104 
             31  33.8598  54.9755   1.5002   0.0000   1.0000   0.0000    0.0196 
             32  33.8600  54.9785   2.5001   0.0000   1.0000   0.0000    0.0294 
             33  33.8598  54.9381   3.3000  -0.0001   1.0000  -0.0000   -0.0055 
             34  37.0596  54.9654   1.5001   0.0000   1.0000   0.0000    0.0125 
             35  37.0596  54.9669   2.5002   0.0000   1.0000   0.0000    0.0208 
             36  37.0598  54.9223   3.3000  -0.0001   1.0000  -0.0000   -0.0184 
             37  40.2598  54.9496   1.5001   0.0000   1.0000   0.0000   -0.0003 
             38  40.2598  54.9509   2.5001   0.0000   1.0000   0.0000    0.0078 
             39  40.2595  54.9083   3.3002  -0.0001   1.0000  -0.0000   -0.0294 
 
PART NUMBER=NuovoArray55    DATE=22/07/2022     TIME=15:23:33           PAGE#=2
DIM PLAN3= PLANARITÀ DI PIANO 32_FS  SD=0.0181  UNITÀ=MM
AS   NOMINALE        MIS        DEV
M       0.0000     0.0794     0.0794
DATIPUNTI  N.PUNTO   MIS X      Y        Z      VETT I      J        K    DEVIAZIONE
32_FS         1  47.4991  53.0047   3.2558   0.0001   0.0023   1.0000   -0.0034 
              2  43.0496  53.0046   3.2531   0.0001   0.0023   1.0000   -0.0096 
              3  38.5998  53.0040   3.2219   0.0001   0.0023   1.0000   -0.0442 
              4  34.1486  53.0038   3.2287   0.0001   0.0023   1.0000   -0.0408 
              5  29.6995  53.0046   3.2668   0.0001   0.0023   1.0000   -0.0061 
              6  25.2483  53.0049   3.2683   0.0001   0.0023   1.0000   -0.0081 
              7  20.7997  53.0049   3.2812   0.0001   0.0023   1.0000    0.0015 
              8  16.3491  53.0043   3.2777   0.0001   0.0023   1.0000   -0.0054 
              9  11.8990  53.0040   3.2714   0.0001   0.0023   1.0000   -0.0152 
             10   7.4492  53.0034   3.2777   0.0001   0.0023   1.0000   -0.0122 
             11   3.0004  53.0010   3.2465   0.0001   0.0023   1.0000   -0.0469 
             12  47.4998  48.0041   3.2659   0.0001   0.0023   1.0000    0.0044 
             13  43.0484  48.0041   3.2655   0.0001   0.0023   1.0000    0.0006 
             14  38.5993  48.0028   3.2362   0.0001   0.0023   1.0000   -0.0322 
             15  34.1484  48.0038   3.2412   0.0001   0.0023   1.0000   -0.0305 
             16  29.6999  48.0040   3.2791   0.0001   0.0023   1.0000    0.0039 
             17  25.2487  48.0050   3.2810   0.0001   0.0023   1.0000    0.0024 
             18  20.7996  48.0059   3.2954   0.0001   0.0023   1.0000    0.0134 
             19  16.3496  48.0048   3.2922   0.0001   0.0023   1.0000    0.0068 
             20  11.8998  48.0046   3.2878   0.0001   0.0023   1.0000   -0.0010 
             21   7.4491  48.0033   3.2905   0.0001   0.0023   1.0000   -0.0017 
             22   3.0015  48.0011   3.2613   0.0001   0.0023   1.0000   -0.0343 
             23  47.4994  43.0041   3.2797   0.0001   0.0023   1.0000    0.0160 
             24  43.0495  43.0048   3.2790   0.0001   0.0023   1.0000    0.0118 
             25  38.5981  43.0035   3.2462   0.0001   0.0023   1.0000   -0.0244 
             26  34.1481  43.0034   3.2566   0.0001   0.0023   1.0000   -0.0173 
             27  29.6998  43.0050   3.2865   0.0001   0.0023   1.0000    0.0091 
             28  25.2487  43.0048   3.2908   0.0001   0.0023   1.0000    0.0100 
             29  20.7984  43.0054   3.3045   0.0001   0.0023   1.0000    0.0203 
             30  16.3491  43.0043   3.2963   0.0001   0.0023   1.0000    0.0087 
             31  11.8989  43.0045   3.2989   0.0001   0.0023   1.0000    0.0078 
             32   7.4494  43.0042   3.2987   0.0001   0.0023   1.0000    0.0043 
             33   3.0006  43.0023   3.2810   0.0001   0.0023   1.0000   -0.0169 
             34  47.4981  38.0040   3.2829   0.0001   0.0023   1.0000    0.0169 
             35  43.0496  38.0038   3.2860   0.0001   0.0023   1.0000    0.0166 
             36  38.5992  38.0031   3.2551   0.0001   0.0023   1.0000   -0.0178 
             37  34.1494  38.0041   3.2623   0.0001   0.0023   1.0000   -0.0140 
             38  29.6989  38.0043   3.2901   0.0001   0.0023   1.0000    0.0105 
             39  25.2489  38.0042   3.2981   0.0001   0.0023   1.0000    0.0150 
             40  20.7990  38.0046   3.3089   0.0001   0.0023   1.0000    0.0225 
             41  16.3486  38.0039   3.2989   0.0001   0.0023   1.0000    0.0090 
             42  11.8986  38.0035   3.3055   0.0001   0.0023   1.0000    0.0122 
             43   7.4490  38.0031   3.3095   0.0001   0.0023   1.0000    0.0127 
             44   3.0002  38.0018   3.2950   0.0001   0.0023   1.0000   -0.0051 
             45  47.4987  33.0041   3.3003   0.0001   0.0023   1.0000    0.0320 MAX
             46  43.0494  33.0042   3.3028   0.0001   0.0023   1.0000    0.0311 
             47  38.5988  33.0039   3.2936   0.0001   0.0023   1.0000    0.0185 
             48  34.1484  33.0048   3.2978   0.0001   0.0023   1.0000    0.0193 
             49  29.6983  33.0047   3.3031   0.0001   0.0023   1.0000    0.0212 
             50  25.2480  33.0046   3.3062   0.0001   0.0023   1.0000    0.0209 
             51  20.7987  33.0043   3.3129   0.0001   0.0023   1.0000    0.0241 
             52  16.3492  33.0035   3.3079   0.0001   0.0023   1.0000    0.0158 
             53  11.8988  33.0050   3.3240   0.0001   0.0023   1.0000    0.0284 
             54   7.4484  33.0039   3.3188   0.0001   0.0023   1.0000    0.0199 
             55   3.0002  33.0019   3.3219   0.0001   0.0023   1.0000    0.0195 
             56  47.4990  28.0049   3.2856   0.0001   0.0023   1.0000    0.0151 
             57  43.0494  28.0041   3.2886   0.0001   0.0023   1.0000    0.0147 
             58  38.5998  28.0042   3.2607   0.0001   0.0023   1.0000   -0.0166 
             59  34.1499  28.0049   3.2714   0.0001   0.0023   1.0000   -0.0094 
             60  29.6982  28.0044   3.2898   0.0001   0.0023   1.0000    0.0057 
             61  25.2485  28.0051   3.2922   0.0001   0.0023   1.0000    0.0046 
             62  20.7985  28.0047   3.3044   0.0001   0.0023   1.0000    0.0134 
             63  16.3486  28.0039   3.2962   0.0001   0.0023   1.0000    0.0018 
             64  11.8994  28.0046   3.3113   0.0001   0.0023   1.0000    0.0135 
             65   7.4488  28.0038   3.3163   0.0001   0.0023   1.0000    0.0150 
             66   3.0009  28.0008   3.3080   0.0001   0.0023   1.0000    0.0034 
             67  47.4981  23.0048   3.2837   0.0001   0.0023   1.0000    0.0109 
             68  43.0487  23.0042   3.2919   0.0001   0.0023   1.0000    0.0158 
             69  38.5987  23.0038   3.2597   0.0001   0.0023   1.0000   -0.0199 
             70  34.1492  23.0048   3.2670   0.0001   0.0023   1.0000   -0.0160 
             71  29.6983  23.0037   3.2842   0.0001   0.0023   1.0000   -0.0022 
             72  25.2498  23.0045   3.2857   0.0001   0.0023   1.0000   -0.0041 
             73  20.7985  23.0041   3.2986   0.0001   0.0023   1.0000    0.0053 
             74  16.3497  23.0035   3.2897   0.0001   0.0023   1.0000   -0.0069 
             75  11.8992  23.0044   3.3153   0.0001   0.0023   1.0000    0.0153 
             76   7.4478  23.0029   3.3178   0.0001   0.0023   1.0000    0.0143 
             77   3.0006  23.0007   3.3171   0.0001   0.0023   1.0000    0.0103 
             78  47.4995  18.0051   3.2828   0.0001   0.0023   1.0000    0.0078 
             79  43.0495  18.0046   3.2911   0.0001   0.0023   1.0000    0.0127 
             80  38.5994  18.0047   3.2581   0.0001   0.0023   1.0000   -0.0237 
             81  34.1497  18.0050   3.2655   0.0001   0.0023   1.0000   -0.0198 
             82  29.6994  18.0044   3.2837   0.0001   0.0023   1.0000   -0.0049 
             83  25.2496  18.0049   3.2801   0.0001   0.0023   1.0000   -0.0120 
             84  20.7986  18.0044   3.2932   0.0001   0.0023   1.0000   -0.0023 
             85  16.3487  18.0044   3.2832   0.0001   0.0023   1.0000   -0.0156 
             86  11.8984  18.0054   3.3125   0.0001   0.0023   1.0000    0.0102 
             87   7.4492  18.0046   3.3142   0.0001   0.0023   1.0000    0.0085 
             88   3.0000  18.0022   3.3237   0.0001   0.0023   1.0000    0.0146 
             89  20.7990  13.0031   3.2852   0.0001   0.0023   1.0000   -0.0125 
             90  16.3496  13.0032   3.2752   0.0001   0.0023   1.0000   -0.0260 
             91  11.8989  13.0039   3.3105   0.0001   0.0023   1.0000    0.0060 
             92   7.4491  13.0030   3.3077   0.0001   0.0023   1.0000   -0.0003 
             93   3.0008  13.0015   3.3263   0.0001   0.0023   1.0000    0.0149 
             94  20.7996   8.0038   3.2739   0.0001   0.0023   1.0000   -0.0260 
             95  16.3495   8.0032   3.2675   0.0001   0.0023   1.0000   -0.0359 
             96  11.8984   8.0044   3.3001   0.0001   0.0023   1.0000   -0.0067 
             97   7.4493   8.0031   3.3049   0.0001   0.0023   1.0000   -0.0053 
             98   3.0015   8.0012   3.3270   0.0001   0.0023   1.0000    0.0134 
             99  20.7991   3.0038   3.2678   0.0001   0.0023   1.0000   -0.0345 
            100  16.3490   3.0036   3.2582   0.0001   0.0023   1.0000   -0.0474 MIN
            101  11.8984   3.0046   3.2954   0.0001   0.0023   1.0000   -0.0137 
            102   7.4490   3.0051   3.3021   0.0001   0.0023   1.0000   -0.0104 
            103   3.0015   3.0006   3.3406   0.0001   0.0023   1.0000    0.0247 
 
PART NUMBER=NuovoArray55    DATE=22/07/2022     TIME=15:23:33           PAGE#=4
DIM RETTIL1= RETTILINEITÀ DI LINEA 32_LE  SD=0.0163  UNITÀ=MM
AS   NOMINALE        MIS        DEV
M       0.0000     0.0544     0.0544
DATIPUNTI  N.PUNTO   MIS X      Y        Z      VETT I      J        K    DEVIAZIONE
32_LE         1  51.5703   3.0050   1.6504   0.0025   1.0000   0.0001    0.0326 MAX
              2  51.5377   7.2120   1.6504   0.0025   1.0000   0.0001    0.0044 
              3  51.5197  11.4041   1.6504   0.0025   1.0000   0.0001   -0.0092 
              4  51.5124  15.6106   1.6504   0.0025   1.0000   0.0001   -0.0120 
              5  51.4982  19.8073   1.6504   0.0025   1.0000   0.0001   -0.0218 MIN
              6  51.5052  24.0054   1.6504   0.0025   1.0000   0.0001   -0.0103 
              7  51.5018  28.2115   1.6504   0.0025   1.0000   0.0001   -0.0094 
              8  51.5157  32.4098   1.6504   0.0025   1.0000   0.0001    0.0089 
              9  51.4925  36.6041   1.6504   0.0025   1.0000   0.0001   -0.0098 
             10  51.5029  40.8064   1.6504   0.0025   1.0000   0.0001    0.0050 
             11  51.5151  45.0054   1.6504   0.0025   1.0000   0.0001    0.0216 
 
DIM RETTIL2= RETTILINEITÀ DI LINEA 32_LO  SD=0.0145  UNITÀ=MM
AS   NOMINALE        MIS        DEV
M       0.0000     0.0466     0.0466
DATIPUNTI  N.PUNTO   MIS X      Y        Z      VETT I      J        K    DEVIAZIONE
32_LO         1   0.0873  54.3546   1.6503  -0.0058  -1.0000  -0.0001    0.0088 
              2   0.0667  50.1605   1.6503  -0.0058  -1.0000  -0.0001    0.0202 
              3   0.0814  45.9525   1.6503  -0.0058  -1.0000  -0.0001   -0.0037 
              4   0.0731  41.7556   1.6503  -0.0058  -1.0000  -0.0001   -0.0047 
              5   0.0750  37.5615   1.6503  -0.0058  -1.0000  -0.0001   -0.0158 
              6   0.0562  33.3575   1.6503  -0.0058  -1.0000  -0.0001   -0.0063 
              7   0.0505  29.1550   1.6503  -0.0058  -1.0000  -0.0001   -0.0098 
              8   0.0522  24.9614   1.6503  -0.0058  -1.0000  -0.0001   -0.0207 MIN
              9   0.0254  20.7550   1.6503  -0.0058  -1.0000  -0.0001   -0.0031 
             10  -0.0129  16.5581   1.6503  -0.0058  -1.0000  -0.0001    0.0260 MAX
             11  -0.0052  12.3604   1.6503  -0.0058  -1.0000  -0.0001    0.0090 
 
